1.000000000000000000e+01 3.090199999999999836e+00 -8.090199999999999392e+00 -8.090199999999999392e+00 3.090199999999999836e+00 0.000000000000000000e+00 9.510600000000000165e+00 5.877900000000000347e+00 -5.877900000000000347e+00 -9.510600000000000165e+00 5.885219999999999896e-01 6.622660000000000213e-01 5.238540000000000418e-01 5.527879999999999461e-01 6.771490000000000009e-01 2.931520000000000237e-01 2.693309999999999871e-01 6.070640000000000480e-01 4.189089999999999758e-01 4.265180000000000082e-01
1.060267400000000038e+01 3.710367000000000193e+00 -7.580683999999999756e+00 -7.570948999999999707e+00 3.861041999999999863e+00 5.466710000000000180e-01 1.004543699999999973e+01 6.519400000000000084e+00 -5.252467000000000219e+00 -9.212001000000000772e+00 6.026740000000000430e-01 6.201670000000000238e-01 5.095159999999999689e-01 5.192510000000000181e-01 7.708420000000000272e-01 5.466710000000000180e-01 5.348370000000000068e-01 6.414999999999999591e-01 6.254330000000000167e-01 2.985990000000000033e-01
1.120529800000000087e+01 4.330909000000000120e+00 -7.060597999999999708e+00 -7.046116999999999742e+00 4.625651000000000401e+00 1.093739999999999934e+00 1.057987900000000003e+01 7.159137000000000306e+00 -4.627032999999999952e+00 -8.895654000000000394e+00 6.026240000000000485e-01 6.205420000000000380e-01 5.200860000000000483e-01 5.248319999999999652e-01 7.646089999999999831e-01 5.470690000000000275e-01 5.344419999999999726e-01 6.397359999999999713e-01 6.254330000000000167e-01 3.163469999999999893e-01
1.181098599999999976e+01 4.955467999999999762e+00 -6.529169999999999696e+00 -6.515489999999999782e+00 5.390085000000000015e+00 1.639188000000000089e+00 1.112016999999999989e+01 7.798873000000000388e+00 -4.001422999999999952e+00 -8.560287000000000646e+00 6.056890000000000329e-01 6.245589999999999753e-01 5.314269999999999827e-01 5.306279999999999886e-01 7.644339999999999469e-01 5.454489999999999617e-01 5.402909999999999657e-01 6.397359999999999713e-01 6.256099999999999994e-01 3.353670000000000262e-01
1.241667499999999968e+01 5.580402000000000307e+00 -5.994515999999999956e+00 -5.979109000000000229e+00 6.146091000000000193e+00 2.184636999999999940e+00 1.166046200000000077e+01 8.429916999999999661e+00 -3.375602999999999909e+00 -8.210791999999999646e+00 6.056890000000000329e-01 6.249339999999999895e-01 5.346539999999999626e-01 5.363809999999999967e-01 7.560059999999999558e-01 5.454480000000000439e-01 5.402909999999999657e-01 6.310440000000000493e-01 6.258200000000000429e-01 3.494950000000000001e-01
1.302732899999999994e+01 6.205334999999999823e+00 -5.452885000000000204e+00 -5.439250999999999614e+00 6.896264000000000394e+00 2.734881999999999813e+00 1.220075300000000063e+01 9.057453999999999894e+00 -2.751844000000000179e+00 -7.847297000000000189e+00 6.106540000000000301e-01 6.249339999999999895e-01 5.416309999999999736e-01 5.398570000000000313e-01 7.501729999999999787e-01 5.502460000000000129e-01 5.402909999999999657e-01 6.275370000000000115e-01 6.237589999999999524e-01 3.634950000000000125e-01
1.363998499999999936e+01 6.832754999999999690e+00 -4.903838000000000363e+00 -4.893451999999999913e+00 7.644741999999999926e+00 3.290408999999999917e+00 1.275161800000000056e+01 9.683398000000000394e+00 -2.126965999999999912e+00 -7.468556999999999668e+00 6.126559999999999784e-01 6.274199999999999777e-01 5.490469999999999517e-01 5.457990000000000341e-01 7.484790000000000054e-01 5.555269999999999930e-01 5.508650000000000491e-01 6.259439999999999449e-01 6.248780000000000445e-01 3.787400000000000211e-01
1.425264199999999981e+01 7.461872999999999756e+00 -4.345695000000000086e+00 -4.342718999999999774e+00 8.389868999999999133e+00 3.845696999999999921e+00 1.330592799999999976e+01 1.031013699999999922e+01 -1.502067000000000041e+00 -7.076236999999999888e+00 6.126559999999999784e-01 6.291179999999999550e-01 5.581429999999999447e-01 5.507330000000000281e-01 7.451259999999999550e-01 5.552880000000000038e-01 5.543099999999999694e-01 6.267390000000000461e-01 6.248989999999999823e-01 3.923200000000000021e-01
1.487099199999999932e+01 8.095513000000000403e+00 -3.778732000000000202e+00 -3.787348999999999855e+00 9.132217000000000695e+00 4.406727000000000061e+00 1.386563300000000076e+01 1.093786099999999983e+01 -8.771689999999999765e-01 -6.670937999999999590e+00 6.183499999999999552e-01 6.336399999999999810e-01 5.669629999999999947e-01 5.553709999999999480e-01 7.423480000000000079e-01 5.610300000000000287e-01 5.597060000000000368e-01 6.277239999999999487e-01 6.248989999999999823e-01 4.052990000000000204e-01
1.548934200000000061e+01 8.729153000000000162e+00 -3.209134000000000153e+00 -3.228415000000000035e+00 9.869911000000000101e+00 4.967757999999999896e+00 1.442533899999999925e+01 1.156033599999999950e+01 -2.533480000000000176e-01 -6.254515999999999742e+00 6.183499999999999552e-01 6.336399999999999810e-01 5.695980000000000487e-01 5.589340000000000419e-01 7.376939999999999609e-01 5.610300000000000287e-01 5.597060000000000368e-01 6.224750000000000005e-01 6.238209999999999589e-01 4.164220000000000144e-01
1.610769300000000115e+01 9.364520999999999873e+00 -2.632578000000000085e+00 -2.666954000000000047e+00 1.060361999999999938e+01 5.528787999999999592e+00 1.498870600000000053e+01 1.218283600000000000e+01 3.684239999999999737e-01 -5.827373999999999832e+00 6.183499999999999552e-01 6.353680000000000438e-01 5.765559999999999574e-01 5.614609999999999879e-01 7.337089999999999446e-01 5.610300000000000287e-01 5.633669999999999511e-01 6.225000000000000533e-01 6.217719999999999914e-01 4.271420000000000217e-01
1.672604400000000169e+01 1.000051500000000004e+01 -2.049215999999999926e+00 -2.105493000000000059e+00 1.133445299999999989e+01 6.089818000000000175e+00 1.555738200000000049e+01 1.280581199999999953e+01 9.901959999999999651e-01 -5.389527000000000179e+00 6.183509999999999840e-01 6.359949999999999770e-01 5.833610000000000184e-01 5.614609999999999879e-01 7.308339999999999836e-01 5.610300000000000287e-01 5.686759999999999593e-01 6.229759999999999742e-01 6.217719999999999914e-01 4.378469999999999862e-01
1.734439100000000167e+01 1.063654599999999917e+01 -1.464680999999999900e+00 -1.535417000000000032e+00 1.205983100000000086e+01 6.650846999999999731e+00 1.612602199999999897e+01 1.342378599999999977e+01 1.611968000000000067e+00 -4.943281999999999954e+00 6.183480000000000087e-01 6.360310000000000130e-01 5.845350000000000268e-01 5.700760000000000272e-01 7.253779999999999673e-01 5.610300000000000287e-01 5.686409999999999521e-01 6.179740000000000233e-01 6.217719999999999914e-01 4.462450000000000028e-01
1.797216399999999936e+01 1.127931899999999921e+01 -8.744979999999999976e-01 -9.616390000000000216e-01 1.278484699999999918e+01 7.223627999999999716e+00 1.670194599999999951e+01 1.404214900000000021e+01 2.233747999999999845e+00 -4.486186000000000007e+00 6.277730000000000254e-01 6.427730000000000388e-01 5.901830000000000132e-01 5.737780000000000102e-01 7.250159999999999938e-01 5.727809999999999846e-01 5.759229999999999627e-01 6.183629999999999960e-01 6.217799999999999994e-01 4.570960000000000023e-01
1.860030499999999876e+01 1.192251699999999914e+01 -2.790759999999999907e-01 -3.873380000000000156e-01 1.350665700000000058e+01 7.795594999999999608e+00 1.727786899999999903e+01 1.466058400000000006e+01 2.852256999999999820e+00 -4.020630999999999844e+00 6.281400000000000317e-01 6.431980000000000475e-01 5.954220000000000068e-01 5.743009999999999504e-01 7.218099999999999516e-01 5.719670000000000032e-01 5.759229999999999627e-01 6.184349999999999570e-01 6.185079999999999467e-01 4.655549999999999966e-01
1.922846399999999889e+01 1.328275900000000043e+01 3.118460000000000121e-01 1.854280000000000095e-01 1.422852199999999989e+01 8.367523000000000266e+00 1.833466400000000007e+01 1.528797600000000045e+01 3.471061000000000174e+00 -3.547644000000000020e+00 6.281590000000000229e-01 1.360241999999999951e+00 5.909219999999999473e-01 5.727659999999999973e-01 7.218649999999999789e-01 5.719279999999999919e-01 1.056794999999999929e+00 6.273919999999999497e-01 6.188050000000000495e-01 4.729869999999999908e-01
1.986043899999999951e+01 1.393043399999999998e+01 9.027690000000000436e-01 7.689759999999999929e-01 1.494885500000000000e+01 8.954079999999999373e+00 1.892323999999999984e+01 1.591536800000000085e+01 4.092602000000000295e+00 -3.062797999999999909e+00 6.319749999999999535e-01 6.476750000000000007e-01 5.909229999999999761e-01 5.835489999999999844e-01 7.203330000000000011e-01 5.865580000000000238e-01 5.885749999999999593e-01 6.273919999999999497e-01 6.215410000000000101e-01 4.848459999999999992e-01
2.049321099999999873e+01 1.457978499999999933e+01 1.501827000000000023e+00 1.355852000000000057e+00 1.566921600000000048e+01 9.540748000000000673e+00 1.951884199999999936e+01 1.654677200000000070e+01 4.714697000000000138e+00 -2.568280000000000118e+00 6.327720000000000011e-01 6.493510000000000115e-01 5.990569999999999506e-01 5.868759999999999533e-01 7.203610000000000291e-01 5.866679999999999673e-01 5.956019999999999648e-01 6.314039999999999653e-01 6.220949999999999536e-01 4.945180000000000131e-01
2.112705899999999914e+01 1.523052700000000037e+01 2.102993999999999808e+00 1.943850999999999996e+00 1.638419700000000034e+01 1.012770699999999913e+01 2.011444399999999888e+01 1.717603300000000033e+01 5.335130000000000372e+00 -2.068475999999999981e+00 6.338479999999999670e-01 6.507420000000000426e-01 6.011670000000000069e-01 5.879990000000000494e-01 7.149809999999999777e-01 5.869590000000000085e-01 5.956019999999999648e-01 6.292609999999999593e-01 6.204330000000000123e-01 4.998040000000000260e-01
2.176355399999999918e+01 1.588438400000000073e+01 2.709077000000000179e+00 2.534445999999999977e+00 1.709661699999999840e+01 1.071635999999999989e+01 2.070976100000000031e+01 1.780604699999999951e+01 5.955563999999999858e+00 -1.562030999999999947e+00 6.364959999999999507e-01 6.538570000000000215e-01 6.060830000000000384e-01 5.905949999999999811e-01 7.124209999999999710e-01 5.886529999999999818e-01 5.953169999999999851e-01 6.300139999999999629e-01 6.204340000000000410e-01 5.064450000000000340e-01
2.240119999999999933e+01 1.654156000000000049e+01 3.318309000000000175e+00 3.126504999999999868e+00 1.780860600000000105e+01 1.130987900000000046e+01 2.131723200000000062e+01 1.843606199999999973e+01 6.575160000000000338e+00 -1.047654000000000085e+00 6.376460000000000461e-01 6.571770000000000111e-01 6.092319999999999958e-01 5.920590000000000019e-01 7.119889999999999830e-01 5.935190000000000188e-01 6.074709999999999832e-01 6.300149999999999917e-01 6.195960000000000356e-01 5.143760000000000554e-01
2.335217300000000051e+01 1.753724000000000061e+01 4.233496999999999844e+00 4.005195999999999756e+00 1.886983899999999892e+01 1.220322499999999977e+01 2.224293300000000073e+01 1.937731399999999837e+01 7.490865000000000329e+00 -2.630870000000000153e-01 9.509729999999999572e-01 9.956800000000000095e-01 9.151890000000000303e-01 8.786909999999999998e-01 1.061233000000000093e+00 8.933459999999999734e-01 9.257009999999999961e-01 9.412519999999999776e-01 9.157049999999999912e-01 7.845680000000000431e-01
2.430314699999999917e+01 1.853291899999999970e+01 5.148685999999999652e+00 4.883886999999999645e+00 1.993107300000000137e+01 1.309657100000000085e+01 2.316863400000000084e+01 2.031856600000000057e+01 8.406568999999999292e+00 5.214809999999999723e-01 9.509729999999999572e-01 9.956800000000000095e-01 9.151890000000000303e-01 8.786909999999999998e-01 1.061233000000000093e+00 8.933459999999999734e-01 9.257009999999999961e-01 9.412519999999999776e-01 9.157049999999999912e-01 7.845680000000000431e-01
2.525412000000000035e+01 1.952859899999999982e+01 6.063875000000000348e+00 5.762578999999999674e+00 2.099230599999999924e+01 1.398991700000000016e+01 2.409433599999999842e+01 2.125981799999999922e+01 9.322274000000000171e+00 1.306049000000000015e+00 9.509729999999999572e-01 9.956800000000000095e-01 9.151890000000000303e-01 8.786909999999999998e-01 1.061233000000000093e+00 8.933459999999999734e-01 9.257009999999999961e-01 9.412519999999999776e-01 9.157049999999999912e-01 7.845680000000000431e-01
2.620509300000000152e+01 2.052427799999999891e+01 6.979063000000000017e+00 6.641269999999999563e+00 2.205353900000000067e+01 1.488326299999999947e+01 2.502003699999999853e+01 2.220107000000000141e+01 1.023797899999999927e+01 2.090615999999999808e+00 9.509729999999999572e-01 9.956800000000000095e-01 9.151890000000000303e-01 8.786909999999999998e-01 1.061233000000000093e+00 8.933459999999999734e-01 9.257009999999999961e-01 9.412519999999999776e-01 9.157049999999999912e-01 7.845680000000000431e-01
